         source_name             n_data     n_fits   
  fit_id             model_name              chi2        av       scale    star.radius star.temperature scattering inclination 
----------------------------------------------------------------------------------------------------------------------------------
                    BD-21_3420          5          6 
         1                    Ez343SQ7_01   1795.048      1.501     -0.927  8.522e-01  8.335e+03  1.000e+00  4.500e+01 
         2                    ZAQ21stc_01   1801.987      1.539     -0.927  8.659e-01  8.380e+03  1.000e+00  4.500e+01 
         3                    UwXs0mfs_01   1803.654      1.540     -0.927  8.580e-01  8.351e+03  1.000e+00  4.500e+01 
         4                    UIPpx5Gm_01   1805.510      1.516     -0.927  8.297e-01  8.508e+03  1.000e+00  4.500e+01 
         5                    oDREfCGj_01   1806.682      1.311     -0.927  7.833e-01  8.335e+03  1.000e+00  4.500e+01 
         6                    OsOd6eo9_01   1809.296      1.386     -0.927  8.425e-01  8.128e+03  1.000e+00  4.500e+01 
